2
1
4
7
16
17
21
8
18
3
5
9
344
160
10
79
219
22
110
6
70
19
267
15
224
24
134
258
35
208
11
13
14
93
220
92
155
162
149
299
101
25
325
148
23
12
47
46
96
213
206
129
321
71
416
172
27
164
226
84
130
180
29
145
151
207
150
94
108
127
225
153
97
95
26
166
385
59
105
49
146
157
36
111
173
242
210
98
427
102
161
113
1009
120
904
147
80
152
167
63
163
292
159
123
44
58
222
232
42
100
66
291
174
121
218
88
247
196
140
260
192
419
313
154
194
421
168
197
33
417
170
64
158
28
209
156
231
303
62
99
428
179
104
184
65
69
138
86
112
178
228
418
905
60
296
117
193
181
212
103
4435
246
38
293
68
423
41
304
124
114
50
32
249
230
76
297
40
176
143
200
165
169
201
241
175
115
136
205
106
911
211
433
72
177
61
1118
34
883
251
240
199
259
90
30
268
142
182
1376
203
39
397
183
137
893
56
234
132
345
894
290
202
82
216
51
43
4443
141
4441
217
244
135
77
214
269
31
45
398
4438
308
867
4436
107
81
307
243
261
48
119
238
195
189
245
908
295
74
87
144
75
270
227
118
248
125
853
1008
306
37
67
420
868
252
186
250
302
4444
4439
109
126
239
309
185
305
116
294
254
73
85
122
4445
298
187
221
358
83
52
322
4442
324
1015
191
2308
171
323
229
198
233
4433
422
89
271
279
2309
131
190
981
351
310
235
223
55
402
339
408
4437
407
326
301
394
275
139
283
1161
215
989
4463
399
282
396
133
4434
128
4432
4469
300
4466
401
3602
3606
4465
4468
403
1031
3599
1180
490
1149
898
1148
860
1209
1150
899
828
1245
1010
707
1379
1147
1493
1260
361
1183
878
1145
1267
1280
1807
857
1483
726
1181
829
1525
854
1191
1604
1522
1192
742
1210
1275
1155
1211
1559
1213
724
426
858
1520
856
429
1157
864
877
497
382
498
3590
543
1146
1526
684
1368
1505
1779
481
1212
713
1605
482
1504
1220
1513
355
1408
1524
1268
1236
1156
1521
500
903
1497
1346
951
1557
2243
529
367
711
845
1098
363
2022
489
559
1898
368
431
1216
1328
439
721
424
1333
1122
885
3502
1606
1323
530
696
531
764
876
1052
816
865
1230
710
1924
1508
1506
1159
1740
2213
646
1100
2259
892
1824
542
1399
1154
1911
1646
1553
2031
1060
1626
1618
1744
1158
1679
1130
2201
815
736
888
1129
741
689
1627
1369
739
870
630
729
728
528
1054
1453
1404
931
797
1229
1815
441
688
1432
1456
1795
1099
1393
1630
602
631
442
717
1472
714
1354
817
1042
812
737
2233
811
738
669
1625
1324
990
1503
1360
1407
1367
774
668
757
499
1355
1235
1579
1359
1153
763
1471
647
1389
863
1162
3501
1746
2103
732
1353
705
1361
1331
1645
1274
807
1322
574
1441
783
1841
1316
1394
2189
695
620
667
975
810
796
1332
1452
1298
2061
1048
1024
1673
718
2193
2021
591
813
362
809
988
665
1107
2222
1517
1745
751
1917
1464
784
1636
607
2140
1912
941
806
1913
1908
794
1796
1883
1030
1337